0 999 0 1 0
1 998.712 0.261453 0.930276 0.0960288
2 998.438 0.465317 0.909275 0.187657
3 998.164 0.632989 0.923939 0.279057
4 997.882 0.779222 0.965706 0.373338
5 997.584 0.91431 1.02909 0.472912
6 997.264 1.04556 1.11071 0.579759
7 996.917 1.17828 1.20865 0.695595
8 996.54 1.31649 1.32201 0.822
9 996.126 1.46334 1.45064 0.960504
10 995.671 1.62149 1.59491 1.11265
11 995.171 1.79324 1.75563 1.28003
12 994.621 1.98078 1.93392 1.46436
13 994.015 2.18622 2.1312 1.66745
14 993.348 2.41172 2.34913 1.89129
15 992.613 2.6595 2.58963 2.13803
16 991.803 2.93195 2.85485 2.41004
17 990.911 3.23157 3.14717 2.7099
18 989.929 3.56112 3.46925 3.04046
19 988.848 3.92352 3.824 3.40484
20 987.657 4.32199 4.21462 3.80646
21 986.346 4.75998 4.6446 4.24907
22 984.904 5.24124 5.11779 4.73682
23 983.318 5.76984 5.63836 5.27421
24 981.573 6.35017 6.21087 5.86622
25 979.654 6.98696 6.84028 6.51828
26 977.546 7.6853 7.53198 7.23635
27 975.231 8.45067 8.2918 8.02694
28 972.688 9.2889 9.12606 8.89719
29 969.897 10.2062 10.0416 9.85486
30 966.836 11.2093 11.0458 10.9085
31 963.481 12.305 12.1464 12.0672
32 959.806 13.5008 13.3521 13.3412
33 955.783 14.8043 14.6717 14.7414
34 951.382 16.2233 16.115 16.2797
35 946.573 17.7661 17.692 17.9689
36 941.323 19.441 19.4134 19.8229
37 935.597 21.2561 21.2904 21.8568
38 929.359 23.2198 23.3347 24.0866
39 922.572 25.3398 25.5582 26.5297
40 915.199 27.6236 27.9732 29.2046
41 907.199 30.078 30.5922 32.1311
42 898.534 32.7088 33.4274 35.3302
43 889.164 35.5203 36.491 38.8242
44 879.053 38.5156 39.7947 42.6364
45 868.164 41.6955 43.3493 46.7915
46 856.462 45.0585 47.1646 51.315
47 843.917 48.6001 51.249 56.2334
48 830.504 52.3129 55.609 61.5739
49 816.202 56.1854 60.2485 67.3645
50 800.996 60.2021 65.169 73.633
51 784.881 64.3433 70.3682 80.4075
52 767.86 68.584 75.8401 87.7157
53 749.947 72.8948 81.5744 95.5843
54 731.164 77.241 87.5558 104.039
55 711.55 81.5833 93.7636 113.103
56 691.152 85.8779 100.172 122.798
57 670.032 90.077 106.748 133.143
58 648.264 94.13 113.454 144.152
59 625.934 97.9839 120.245 155.836
60 603.139 101.585 127.073 168.202
61 579.986 104.881 133.883 181.25
62 556.588 107.82 140.615 194.976
63 533.068 110.355 147.208 209.369
64 509.547 112.446 153.597 224.411
65 486.15 114.055 159.715 240.079
66 463 115.158 165.5 256.343
67 440.213 115.735 170.887 273.166
68 417.899 115.779 175.817 290.505
69 396.16 115.291 180.237 308.312
70 375.086 114.283 184.098 326.534
71 354.752 112.776 187.36 345.112
72 335.225 110.799 189.992 363.985
73 316.553 108.388 191.971 383.088
74 298.773 105.587 193.283 402.356
75 281.91 102.443 193.925 421.722
76 265.974 99.0048 193.902 441.119
77 250.964 95.3249 193.229 460.481
78 236.873 91.4546 191.929 479.744
79 223.679 87.444 190.03 498.847
80 211.36 83.3411 187.568 517.731
81 199.882 79.1906 184.585 536.343
82 189.21 75.0332 181.124 554.632
83 179.306 70.9054 177.235 572.554
84 170.129 66.8393 172.965 590.067
85 161.636 62.8622 168.366 607.136
86 153.786 58.9968 163.486 623.731
87 146.537 55.2617 158.376 639.825
88 139.848 51.6712 153.081 655.4
89 133.679 48.236 147.648 670.437
90 127.993 44.9633 142.118 684.926
91 122.754 41.8575 136.53 698.859
92 117.926 38.9203 130.922 712.231
93 113.48 36.1512 125.326 725.043
94 109.384 33.5481 119.77 737.298
95 105.61 31.1072 114.283 749
96 102.134 28.8237 108.885 760.157
97 98.9301 26.6917 103.598 770.781
98 95.9773 24.7048 98.4368 780.881
99 93.255 22.8561 93.4164 790.473
100 90.7444 21.1385 88.5477 799.569
101 88.4283 19.5446 83.8396 808.187
102 86.2911 18.0672 79.2988 816.343
103 84.3181 16.699 74.93 824.053
104 82.4961 15.433 70.7362 831.335
105 80.8129 14.2623 66.7187 838.206
106 79.2575 13.1804 62.8777 844.684
107 77.8195 12.181 59.212 850.787
108 76.4898 11.2582 55.7194 856.533
109 75.2596 10.4063 52.397 861.937
110 74.1212 9.62008 49.2411 867.018
111 73.0674 8.89456 46.2473 871.791
112 72.0916 8.22511 43.411 876.272
113 71.1878 7.60741 40.7269 880.478
114 70.3503 7.03745 38.1897 884.423
115 69.5742 6.5115 35.7938 888.121
116 68.8546 6.02612 33.5334 891.586
117 68.1874 5.5781 31.4029 894.832
118 67.5686 5.16452 29.3963 897.871
119 66.9945 4.78264 27.508 900.715
120 66.4618 4.42997 25.7323 903.376
121 65.9674 4.1042 24.0636 905.865
122 65.5084 3.8032 22.4964 908.192
123 65.0823 3.52503 21.0253 910.367
124 64.6866 3.26788 19.6454 912.4
125 64.3191 3.0301 18.3515 914.299
126 63.9778 2.81018 17.1389 916.073
127 63.6606 2.60672 16.0031 917.73
128 63.3659 2.41845 14.9395 919.276
129 63.0921 2.24417 13.944 920.72
130 62.8376 2.08281 13.0125 922.067
131 62.6011 1.93338 12.1413 923.324
132 62.3812 1.79495 11.3267 924.497
133 62.1767 1.66669 10.5652 925.591
134 61.9867 1.54781 9.85361 926.612
135 61.8099 1.43762 9.18879 927.564
136 61.6456 1.33545 8.56783 928.451
137 61.4927 1.24069 7.98797 929.279
138 61.3506 1.1528 7.44659 930.05
139 61.2184 1.07126 6.94124 930.769
140 61.0954 0.995588 6.46961 931.439
141 60.981 0.925357 6.02953 932.064
142 60.8746 0.860164 5.61895 932.646
143 60.7756 0.799637 5.23595 933.189
144 60.6835 0.743433 4.87873 933.694
145 60.5978 0.691235 4.5456 934.165
146 60.5181 0.642752 4.23496 934.604
147 60.4439 0.597712 3.94534 935.013
148 60.3749 0.555866 3.67533 935.394
149 60.3107 0.516982 3.42365 935.749
150 60.2509 0.480847 3.18905 936.079
151 60.1953 0.447263 2.97041 936.387
152 60.1435 0.416047 2.76665 936.674
153 60.0953 0.387028 2.57677 936.941
154 60.0505 0.360051 2.39985 937.19
155 60.0088 0.334968 2.235 937.421
156 59.97 0.311646 2.08142 937.637
157 59.9338 0.289958 1.93834 937.838
158 59.9002 0.269789 1.80505 938.025
159 59.8689 0.251032 1.68088 938.199
160 59.8398 0.233586 1.56522 938.361
